x=[-2.71E+00
-2.78E+00
-3.04E+00
-3.23E+00
-3.42E+00
-3.29E+00
-3.23E+00
-3.10E+00
-3.04E+00
-2.91E+00
-2.78E+00
-2.78E+00
-2.59E+00
-2.46E+00
-2.46E+00
-2.39E+00
-2.39E+00
-2.46E+00
-2.52E+00
-2.65E+00
-2.78E+00
-2.84E+00
-3.04E+00
-2.97E+00
-2.71E+00
-2.46E+00
-2.01E+00
-1.75E+00
-1.69E+00
-1.69E+00
-1.88E+00
-2.01E+00
-2.26E+00
-2.46E+00
-2.59E+00
-2.59E+00
-2.46E+00
-2.39E+00
-2.07E+00
-1.94E+00
-1.69E+00
-1.62E+00
-1.43E+00
-1.56E+00
-1.75E+00
-1.81E+00
-1.81E+00
-1.81E+00
-1.94E+00
-1.94E+00
-2.01E+00
-2.14E+00
-2.01E+00
-1.81E+00
-1.69E+00
-1.24E+00
-1.11E+00
-8.49E-01
-9.14E-01
-1.11E+00
-1.24E+00
-1.30E+00
-1.69E+00
-1.88E+00
-2.01E+00
-1.94E+00
-1.81E+00
-1.17E+00
-8.49E-01
-6.56E-01
-5.28E-01
-5.92E-01
-7.21E-01
-9.14E-01
-1.11E+00
-1.36E+00
-1.11E+00
-1.17E+00
-1.11E+00
-1.04E+00
-1.04E+00
-8.49E-01
-5.92E-01
-6.56E-01
-5.28E-01
-4.63E-01
-3.99E-01
-1.42E-01
-2.06E-01
-3.99E-01
-5.28E-01
-7.21E-01
-7.85E-01
-9.78E-01
-1.04E+00
-7.21E-01
-5.28E-01
-7.73E-02
2.44E-01
3.09E-01
2.44E-01
2.44E-01
-7.73E-02
-2.06E-01
-5.28E-01
-5.92E-01
-5.92E-01
-4.63E-01
-2.70E-01
-7.73E-02
2.44E-01
3.09E-01
5.02E-01
4.37E-01
3.73E-01
3.73E-01
3.73E-01
3.09E-01
3.09E-01
1.16E-01
1.80E-01
-1.30E-02
1.16E-01
5.13E-02
2.44E-01
4.37E-01
6.30E-01
1.02E+00
1.08E+00
1.14E+00
9.52E-01
8.23E-01
6.30E-01
3.09E-01
1.80E-01
5.13E-02
2.44E-01
6.95E-01
6.95E-01
1.14E+00
1.27E+00
1.47E+00
1.34E+00
1.34E+00
1.08E+00
1.02E+00
8.88E-01
8.88E-01
8.88E-01
1.02E+00
1.02E+00
1.08E+00
1.14E+00
1.27E+00
1.40E+00
1.47E+00
1.66E+00
1.85E+00
2.05E+00
1.85E+00
1.79E+00
1.53E+00
1.40E+00
1.21E+00
1.21E+00
1.08E+00
1.14E+00
1.72E+00
1.98E+00
2.30E+00
2.30E+00
2.30E+00
2.24E+00
2.24E+00
2.05E+00
1.60E+00
1.47E+00
1.53E+00
1.85E+00
1.85E+00
1.92E+00
2.11E+00
2.24E+00
2.37E+00
2.37E+00
2.37E+00
2.37E+00
2.43E+00
2.43E+00
2.30E+00
2.30E+00
2.17E+00
2.11E+00
2.05E+00
1.85E+00
1.92E+00
2.24E+00
2.50E+00
2.50E+00
2.50E+00
2.50E+00
2.56E+00
2.56E+00
2.50E+00
2.37E+00
2.37E+00
2.24E+00
2.11E+00
2.24E+00
2.17E+00
2.37E+00
2.50E+00
2.50E+00
2.43E+00
2.50E+00
2.50E+00
2.50E+00
2.50E+00
2.50E+00
2.56E+00
2.50E+00
2.50E+00
2.43E+00
2.43E+00
2.43E+00
2.43E+00
2.50E+00
2.50E+00
2.56E+00
2.56E+00
2.62E+00
2.56E+00
2.62E+00
2.56E+00
2.50E+00
2.50E+00
2.37E+00
2.37E+00
2.43E+00
2.56E+00
2.56E+00
2.62E+00
2.62E+00
2.62E+00
2.69E+00
2.62E+00
2.62E+00
2.62E+00
2.56E+00
2.56E+00
2.56E+00
2.50E+00
2.50E+00
2.50E+00
2.62E+00
2.56E+00
2.56E+00
2.62E+00
2.69E+00
2.69E+00
2.69E+00
2.69E+00
2.75E+00
2.62E+00
2.62E+00
2.56E+00
2.50E+00
2.50E+00
2.56E+00
2.56E+00
2.62E+00
2.69E+00
2.69E+00
2.69E+00
2.69E+00
2.69E+00
2.62E+00
2.69E+00
2.62E+00
2.62E+00
2.56E+00
2.62E+00
2.56E+00
2.62E+00
2.69E+00
2.75E+00
2.69E+00
2.75E+00
2.69E+00
2.75E+00
2.75E+00
2.69E+00
2.62E+00
2.62E+00
2.69E+00
2.56E+00
2.62E+00
2.62E+00
2.62E+00
2.69E+00
2.75E+00
2.75E+00
2.82E+00
2.82E+00
2.75E+00
2.82E+00
2.75E+00
2.69E+00
2.62E+00
2.62E+00
2.69E+00
2.62E+00
2.69E+00
2.75E+00
2.75E+00
2.82E+00
2.75E+00
2.75E+00
2.75E+00
2.82E+00
2.75E+00
2.75E+00
2.75E+00
2.75E+00
2.75E+00
2.69E+00
2.69E+00
2.69E+00
2.69E+00
2.75E+00
2.75E+00
2.82E+00
2.82E+00
2.75E+00
2.82E+00
2.75E+00
2.75E+00
2.75E+00
2.69E+00
2.75E+00
2.75E+00
2.82E+00
2.75E+00
2.82E+00
2.82E+00
2.82E+00
2.82E+00
2.82E+00
2.75E+00
2.75E+00
2.75E+00
2.75E+00
2.75E+00
2.75E+00
2.75E+00
2.82E+00
2.82E+00
2.82E+00
2.82E+00
2.75E+00
2.88E+00
2.88E+00
2.82E+00
2.82E+00
2.82E+00
2.82E+00
2.75E+00
2.75E+00
2.75E+00
2.75E+00
2.75E+00
2.75E+00
2.82E+00
2.82E+00
2.82E+00
2.82E+00
2.88E+00
2.82E+00
2.82E+00
2.82E+00
2.82E+00
2.82E+00
2.82E+00
2.82E+00
2.82E+00
2.82E+00
2.82E+00
2.82E+00
2.88E+00
2.82E+00
2.88E+00
2.88E+00
2.82E+00
2.88E+00
2.82E+00
2.88E+00
2.75E+00
2.88E+00
2.88E+00
2.82E+00
2.82E+00
2.88E+00
2.88E+00
2.95E+00
2.95E+00
2.95E+00
2.88E+00
2.82E+00
2.88E+00
2.88E+00
2.82E+00
2.88E+00
2.88E+00
2.82E+00
2.82E+00
2.82E+00
2.88E+00
2.82E+00
2.88E+00
2.88E+00
2.95E+00
2.95E+00
2.88E+00
2.88E+00
2.88E+00
2.82E+00
2.88E+00
2.82E+00
2.82E+00
2.82E+00
2.88E+00
2.88E+00
2.88E+00
2.88E+00
2.88E+00
2.95E+00
2.88E+00
2.88E+00
2.95E+00
2.88E+00
2.88E+00
2.82E+00
2.88E+00
2.88E+00
2.88E+00
2.88E+00
2.95E+00
2.88E+00
2.88E+00
2.95E+00
2.95E+00
2.95E+00
2.88E+00
2.88E+00
2.88E+00
2.88E+00
2.88E+00
2.88E+00
2.88E+00
2.88E+00
2.88E+00
2.88E+00
3.01E+00
2.95E+00
2.95E+00
3.01E+00
2.95E+00
2.95E+00
2.88E+00
2.88E+00
2.88E+00
2.88E+00
2.88E+00
2.88E+00
2.95E+00
2.95E+00
3.01E+00
2.95E+00
2.88E+00
2.95E+00
2.88E+00
2.95E+00
2.88E+00
2.88E+00
2.88E+00
2.88E+00
2.95E+00
2.88E+00
2.95E+00
2.95E+00
2.88E+00
2.88E+00
2.95E+00
2.95E+00
3.01E+00
2.95E+00
2.95E+00
2.88E+00
2.95E+00
2.88E+00
2.88E+00
2.88E+00
2.95E+00
2.95E+00
2.95E+00
3.01E+00
2.95E+00
3.01E+00
2.95E+00
2.88E+00
2.88E+00
2.95E+00
2.88E+00
2.95E+00
3.01E+00
2.95E+00
3.01E+00
2.95E+00
3.01E+00
2.95E+00
2.95E+00
2.95E+00
3.01E+00
2.95E+00
2.95E+00
2.95E+00
2.88E+00
2.88E+00
2.95E+00
2.88E+00
3.01E+00
2.88E+00
2.88E+00
2.95E+00
3.01E+00
2.95E+00
3.01E+00
3.01E+00
2.95E+00
3.01E+00
2.95E+00
2.88E+00
2.95E+00
2.88E+00
2.88E+00
2.95E+00
2.88E+00
2.95E+00
3.01E+00
2.88E+00
3.01E+00
2.95E+00
3.01E+00
3.01E+00
2.95E+00
2.95E+00
2.95E+00
2.95E+00
2.88E+00
2.88E+00
2.95E+00
2.88E+00
2.88E+00
3.01E+00
3.01E+00
3.01E+00
3.01E+00
3.01E+00
2.95E+00
2.95E+00
2.95E+00
2.95E+00
2.95E+00
2.95E+00
2.95E+00
3.01E+00
2.95E+00
3.01E+00
3.01E+00
3.01E+00
3.01E+00
2.95E+00
2.95E+00
3.01E+00
2.95E+00
2.95E+00
2.95E+00
2.95E+00
2.95E+00
2.95E+00
2.88E+00
2.95E+00
2.95E+00
3.01E+00
3.01E+00
3.01E+00
3.01E+00
2.95E+00
3.01E+00
2.95E+00
3.01E+00
2.95E+00
2.95E+00
2.95E+00
2.95E+00
2.95E+00
3.01E+00
3.01E+00
3.01E+00
2.95E+00
2.95E+00
2.95E+00
2.95E+00
3.01E+00
3.01E+00
2.95E+00
2.95E+00
2.95E+00
2.95E+00
3.01E+00
3.01E+00
3.01E+00
3.01E+00
3.01E+00
3.01E+00
3.01E+00
3.01E+00
2.95E+00
2.95E+00
2.95E+00
2.88E+00
2.95E+00
2.95E+00
2.95E+00
3.01E+00
3.01E+00
3.01E+00
3.07E+00
3.01E+00
3.01E+00
];
