t=[-2.50E-02
-2.50E-02
-2.50E-02
-2.49E-02
-2.49E-02
-2.49E-02
-2.49E-02
-2.48E-02
-2.48E-02
-2.48E-02
-2.48E-02
-2.47E-02
-2.47E-02
-2.47E-02
-2.47E-02
-2.46E-02
-2.46E-02
-2.46E-02
-2.46E-02
-2.45E-02
-2.45E-02
-2.45E-02
-2.45E-02
-2.44E-02
-2.44E-02
-2.44E-02
-2.44E-02
-2.43E-02
-2.43E-02
-2.43E-02
-2.43E-02
-2.42E-02
-2.42E-02
-2.42E-02
-2.42E-02
-2.41E-02
-2.41E-02
-2.41E-02
-2.41E-02
-2.40E-02
-2.40E-02
-2.40E-02
-2.40E-02
-2.39E-02
-2.39E-02
-2.39E-02
-2.39E-02
-2.38E-02
-2.38E-02
-2.38E-02
-2.38E-02
-2.37E-02
-2.37E-02
-2.37E-02
-2.37E-02
-2.36E-02
-2.36E-02
-2.36E-02
-2.36E-02
-2.35E-02
-2.35E-02
-2.35E-02
-2.35E-02
-2.34E-02
-2.34E-02
-2.34E-02
-2.34E-02
-2.33E-02
-2.33E-02
-2.33E-02
-2.33E-02
-2.32E-02
-2.32E-02
-2.32E-02
-2.32E-02
-2.31E-02
-2.31E-02
-2.31E-02
-2.31E-02
-2.30E-02
-2.30E-02
-2.30E-02
-2.30E-02
-2.29E-02
-2.29E-02
-2.29E-02
-2.29E-02
-2.28E-02
-2.28E-02
-2.28E-02
-2.28E-02
-2.27E-02
-2.27E-02
-2.27E-02
-2.27E-02
-2.26E-02
-2.26E-02
-2.26E-02
-2.26E-02
-2.25E-02
-2.25E-02
-2.25E-02
-2.25E-02
-2.24E-02
-2.24E-02
-2.24E-02
-2.24E-02
-2.23E-02
-2.23E-02
-2.23E-02
-2.23E-02
-2.22E-02
-2.22E-02
-2.22E-02
-2.22E-02
-2.21E-02
-2.21E-02
-2.21E-02
-2.21E-02
-2.20E-02
-2.20E-02
-2.20E-02
-2.20E-02
-2.19E-02
-2.19E-02
-2.19E-02
-2.19E-02
-2.18E-02
-2.18E-02
-2.18E-02
-2.18E-02
-2.17E-02
-2.17E-02
-2.17E-02
-2.17E-02
-2.16E-02
-2.16E-02
-2.16E-02
-2.16E-02
-2.15E-02
-2.15E-02
-2.15E-02
-2.15E-02
-2.14E-02
-2.14E-02
-2.14E-02
-2.14E-02
-2.13E-02
-2.13E-02
-2.13E-02
-2.13E-02
-2.12E-02
-2.12E-02
-2.12E-02
-2.12E-02
-2.11E-02
-2.11E-02
-2.11E-02
-2.11E-02
-2.10E-02
-2.10E-02
-2.10E-02
-2.10E-02
-2.09E-02
-2.09E-02
-2.09E-02
-2.09E-02
-2.08E-02
-2.08E-02
-2.08E-02
-2.08E-02
-2.07E-02
-2.07E-02
-2.07E-02
-2.07E-02
-2.06E-02
-2.06E-02
-2.06E-02
-2.06E-02
-2.05E-02
-2.05E-02
-2.05E-02
-2.05E-02
-2.04E-02
-2.04E-02
-2.04E-02
-2.04E-02
-2.03E-02
-2.03E-02
-2.03E-02
-2.03E-02
-2.02E-02
-2.02E-02
-2.02E-02
-2.02E-02
-2.01E-02
-2.01E-02
-2.01E-02
-2.01E-02
-2.00E-02
-2.00E-02
-2.00E-02
-2.00E-02
-1.99E-02
-1.99E-02
-1.99E-02
-1.99E-02
-1.98E-02
-1.98E-02
-1.98E-02
-1.98E-02
-1.97E-02
-1.97E-02
-1.97E-02
-1.97E-02
-1.96E-02
-1.96E-02
-1.96E-02
-1.96E-02
-1.95E-02
-1.95E-02
-1.95E-02
-1.95E-02
-1.94E-02
-1.94E-02
-1.94E-02
-1.94E-02
-1.93E-02
-1.93E-02
-1.93E-02
-1.93E-02
-1.92E-02
-1.92E-02
-1.92E-02
-1.92E-02
-1.91E-02
-1.91E-02
-1.91E-02
-1.91E-02
-1.90E-02
-1.90E-02
-1.90E-02
-1.90E-02
-1.89E-02
-1.89E-02
-1.89E-02
-1.89E-02
-1.88E-02
-1.88E-02
-1.88E-02
-1.88E-02
-1.87E-02
-1.87E-02
-1.87E-02
-1.87E-02
-1.86E-02
-1.86E-02
-1.86E-02
-1.86E-02
-1.85E-02
-1.85E-02
-1.85E-02
-1.85E-02
-1.84E-02
-1.84E-02
-1.84E-02
-1.84E-02
-1.83E-02
-1.83E-02
-1.83E-02
-1.83E-02
-1.82E-02
-1.82E-02
-1.82E-02
-1.82E-02
-1.81E-02
-1.81E-02
-1.81E-02
-1.81E-02
-1.80E-02
-1.80E-02
-1.80E-02
-1.80E-02
-1.79E-02
-1.79E-02
-1.79E-02
-1.79E-02
-1.78E-02
-1.78E-02
-1.78E-02
-1.78E-02
-1.77E-02
-1.77E-02
-1.77E-02
-1.77E-02
-1.76E-02
-1.76E-02
-1.76E-02
-1.76E-02
-1.75E-02
-1.75E-02
-1.75E-02
-1.75E-02
-1.74E-02
-1.74E-02
-1.74E-02
-1.74E-02
-1.73E-02
-1.73E-02
-1.73E-02
-1.73E-02
-1.72E-02
-1.72E-02
-1.72E-02
-1.72E-02
-1.71E-02
-1.71E-02
-1.71E-02
-1.71E-02
-1.70E-02
-1.70E-02
-1.70E-02
-1.70E-02
-1.69E-02
-1.69E-02
-1.69E-02
-1.69E-02
-1.68E-02
-1.68E-02
-1.68E-02
-1.68E-02
-1.67E-02
-1.67E-02
-1.67E-02
-1.67E-02
-1.66E-02
-1.66E-02
-1.66E-02
-1.66E-02
-1.65E-02
-1.65E-02
-1.65E-02
-1.65E-02
-1.64E-02
-1.64E-02
-1.64E-02
-1.64E-02
-1.63E-02
-1.63E-02
-1.63E-02
-1.63E-02
-1.62E-02
-1.62E-02
-1.62E-02
-1.62E-02
-1.61E-02
-1.61E-02
-1.61E-02
-1.61E-02
-1.60E-02
-1.60E-02
-1.60E-02
-1.60E-02
-1.59E-02
-1.59E-02
-1.59E-02
-1.59E-02
-1.58E-02
-1.58E-02
-1.58E-02
-1.58E-02
-1.57E-02
-1.57E-02
-1.57E-02
-1.57E-02
-1.56E-02
-1.56E-02
-1.56E-02
-1.56E-02
-1.55E-02
-1.55E-02
-1.55E-02
-1.55E-02
-1.54E-02
-1.54E-02
-1.54E-02
-1.54E-02
-1.53E-02
-1.53E-02
-1.53E-02
-1.53E-02
-1.52E-02
-1.52E-02
-1.52E-02
-1.52E-02
-1.51E-02
-1.51E-02
-1.51E-02
-1.51E-02
-1.50E-02
-1.50E-02
-1.50E-02
-1.50E-02
-1.49E-02
-1.49E-02
-1.49E-02
-1.49E-02
-1.48E-02
-1.48E-02
-1.48E-02
-1.48E-02
-1.47E-02
-1.47E-02
-1.47E-02
-1.47E-02
-1.46E-02
-1.46E-02
-1.46E-02
-1.46E-02
-1.45E-02
-1.45E-02
-1.45E-02
-1.45E-02
-1.44E-02
-1.44E-02
-1.44E-02
-1.44E-02
-1.43E-02
-1.43E-02
-1.43E-02
-1.43E-02
-1.42E-02
-1.42E-02
-1.42E-02
-1.42E-02
-1.41E-02
-1.41E-02
-1.41E-02
-1.41E-02
-1.40E-02
-1.40E-02
-1.40E-02
-1.40E-02
-1.39E-02
-1.39E-02
-1.39E-02
-1.39E-02
-1.38E-02
-1.38E-02
-1.38E-02
-1.38E-02
-1.37E-02
-1.37E-02
-1.37E-02
-1.37E-02
-1.36E-02
-1.36E-02
-1.36E-02
-1.36E-02
-1.35E-02
-1.35E-02
-1.35E-02
-1.35E-02
-1.34E-02
-1.34E-02
-1.34E-02
-1.34E-02
-1.33E-02
-1.33E-02
-1.33E-02
-1.33E-02
-1.32E-02
-1.32E-02
-1.32E-02
-1.32E-02
-1.31E-02
-1.31E-02
-1.31E-02
-1.31E-02
-1.30E-02
-1.30E-02
-1.30E-02
-1.30E-02
-1.29E-02
-1.29E-02
-1.29E-02
-1.29E-02
-1.28E-02
-1.28E-02
-1.28E-02
-1.28E-02
-1.27E-02
-1.27E-02
-1.27E-02
-1.27E-02
-1.26E-02
-1.26E-02
-1.26E-02
-1.26E-02
-1.25E-02
-1.25E-02
-1.25E-02
-1.25E-02
-1.24E-02
-1.24E-02
-1.24E-02
-1.24E-02
-1.23E-02
-1.23E-02
-1.23E-02
-1.23E-02
-1.22E-02
-1.22E-02
-1.22E-02
-1.22E-02
-1.21E-02
-1.21E-02
-1.21E-02
-1.21E-02
-1.20E-02
-1.20E-02
-1.20E-02
-1.20E-02
-1.19E-02
-1.19E-02
-1.19E-02
-1.19E-02
-1.18E-02
-1.18E-02
-1.18E-02
-1.18E-02
-1.17E-02
-1.17E-02
-1.17E-02
-1.17E-02
-1.16E-02
-1.16E-02
-1.16E-02
-1.16E-02
-1.15E-02
-1.15E-02
-1.15E-02
-1.15E-02
-1.14E-02
-1.14E-02
-1.14E-02
-1.14E-02
-1.13E-02
-1.13E-02
-1.13E-02
-1.13E-02
-1.12E-02
-1.12E-02
-1.12E-02
-1.12E-02
-1.11E-02
-1.11E-02
-1.11E-02
-1.11E-02
-1.10E-02
-1.10E-02
-1.10E-02
-1.10E-02
-1.09E-02
-1.09E-02
-1.09E-02
-1.09E-02
-1.08E-02
-1.08E-02
-1.08E-02
-1.08E-02
-1.07E-02
-1.07E-02
-1.07E-02
-1.07E-02
-1.06E-02
-1.06E-02
-1.06E-02
-1.06E-02
-1.05E-02
-1.05E-02
-1.05E-02
-1.05E-02
-1.04E-02
-1.04E-02
-1.04E-02
-1.04E-02
-1.03E-02
-1.03E-02
-1.03E-02
-1.03E-02
-1.02E-02
-1.02E-02
-1.02E-02
-1.02E-02
-1.01E-02
-1.01E-02
-1.01E-02
-1.01E-02
-1.00E-02
-1.00E-02
-9.98E-03
-9.95E-03
-9.93E-03
-9.90E-03
-9.88E-03
-9.85E-03
-9.83E-03
-9.80E-03
-9.78E-03
-9.75E-03
-9.73E-03
-9.70E-03
-9.68E-03
-9.65E-03
-9.63E-03
-9.60E-03
-9.58E-03
-9.55E-03
-9.53E-03
-9.50E-03
-9.48E-03
-9.45E-03
-9.43E-03
-9.40E-03
-9.38E-03
-9.35E-03
-9.33E-03
-9.30E-03
-9.28E-03
-9.25E-03
-9.23E-03
-9.20E-03
-9.18E-03
-9.15E-03
-9.13E-03
-9.10E-03
-9.08E-03
-9.05E-03
-9.03E-03
-9.00E-03
-8.98E-03
-8.95E-03
-8.93E-03
-8.90E-03
-8.88E-03
-8.85E-03
-8.83E-03
-8.80E-03
-8.78E-03
-8.75E-03
-8.73E-03
-8.70E-03
-8.68E-03
-8.65E-03
-8.63E-03
-8.60E-03
-8.58E-03
-8.55E-03
-8.53E-03
-8.50E-03
-8.48E-03
-8.45E-03
-8.43E-03
-8.40E-03
-8.38E-03
-8.35E-03
-8.33E-03
-8.30E-03
-8.28E-03
-8.25E-03
-8.23E-03
-8.20E-03
-8.18E-03
-8.15E-03
-8.13E-03
-8.10E-03
-8.08E-03
-8.05E-03
-8.03E-03
-8.00E-03
-7.98E-03
-7.95E-03
-7.93E-03
-7.90E-03
-7.88E-03
-7.85E-03
-7.83E-03
-7.80E-03
-7.78E-03
-7.75E-03
-7.73E-03
-7.70E-03
-7.68E-03
-7.65E-03
-7.63E-03
-7.60E-03
-7.58E-03
-7.55E-03
-7.53E-03
-7.50E-03
-7.48E-03
-7.45E-03
-7.43E-03
-7.40E-03
-7.38E-03
-7.35E-03
-7.33E-03
-7.30E-03
-7.28E-03
-7.25E-03
-7.23E-03
-7.20E-03
-7.18E-03
-7.15E-03
-7.13E-03
-7.10E-03
-7.08E-03
-7.05E-03
-7.03E-03
-7.00E-03
-6.98E-03
-6.95E-03
-6.93E-03
-6.90E-03
-6.88E-03
-6.85E-03
-6.83E-03
-6.80E-03
-6.78E-03
-6.75E-03
-6.73E-03
-6.70E-03
-6.68E-03
-6.65E-03
-6.63E-03
-6.60E-03
-6.58E-03
-6.55E-03
-6.53E-03
-6.50E-03
-6.48E-03
-6.45E-03
-6.43E-03
-6.40E-03
-6.38E-03
-6.35E-03
-6.33E-03
-6.30E-03
-6.28E-03
-6.25E-03
-6.23E-03
-6.20E-03
-6.18E-03
-6.15E-03
-6.13E-03
-6.10E-03
-6.08E-03
-6.05E-03
-6.03E-03
-6.00E-03
-5.98E-03
-5.95E-03
-5.93E-03
-5.90E-03
-5.88E-03
-5.85E-03
-5.83E-03
-5.80E-03
-5.78E-03
-5.75E-03
-5.73E-03
-5.70E-03
-5.68E-03
-5.65E-03
-5.63E-03
-5.60E-03
-5.58E-03
-5.55E-03
-5.53E-03
-5.50E-03
-5.48E-03
-5.45E-03
-5.43E-03
-5.40E-03
-5.38E-03
-5.35E-03
-5.33E-03
-5.30E-03
-5.28E-03
-5.25E-03
-5.23E-03
-5.20E-03
-5.18E-03
-5.15E-03
-5.13E-03
-5.10E-03
-5.08E-03
-5.05E-03
