x=[8.23E-01
7.59E-01
8.23E-01
8.23E-01
8.23E-01
7.59E-01
8.23E-01
8.23E-01
8.23E-01
7.59E-01
8.23E-01
7.59E-01
7.59E-01
8.23E-01
7.59E-01
8.23E-01
7.59E-01
7.59E-01
8.23E-01
8.23E-01
8.23E-01
7.59E-01
8.23E-01
6.95E-01
7.59E-01
8.23E-01
7.59E-01
7.59E-01
8.23E-01
7.59E-01
8.23E-01
8.23E-01
8.23E-01
8.23E-01
7.59E-01
7.59E-01
7.59E-01
7.59E-01
7.59E-01
8.23E-01
8.23E-01
7.59E-01
8.23E-01
7.59E-01
8.23E-01
8.23E-01
8.23E-01
7.59E-01
8.23E-01
7.59E-01
8.23E-01
7.59E-01
7.59E-01
8.23E-01
7.59E-01
7.59E-01
7.59E-01
8.23E-01
7.59E-01
8.23E-01
7.59E-01
8.23E-01
8.23E-01
7.59E-01
7.59E-01
7.59E-01
7.59E-01
6.95E-01
7.59E-01
7.59E-01
7.59E-01
7.59E-01
8.23E-01
8.23E-01
7.59E-01
8.23E-01
8.23E-01
7.59E-01
7.59E-01
8.23E-01
8.23E-01
7.59E-01
7.59E-01
7.59E-01
7.59E-01
7.59E-01
7.59E-01
7.59E-01
8.23E-01
7.59E-01
7.59E-01
8.23E-01
8.23E-01
7.59E-01
7.59E-01
6.95E-01
6.95E-01
7.59E-01
7.59E-01
7.59E-01
7.59E-01
7.59E-01
8.23E-01
7.59E-01
8.23E-01
8.23E-01
6.95E-01
7.59E-01
6.95E-01
6.30E-01
5.66E-01
6.30E-01
6.95E-01
8.23E-01
7.59E-01
8.23E-01
8.23E-01
7.59E-01
8.23E-01
7.59E-01
7.59E-01
6.30E-01
5.66E-01
3.09E-01
3.73E-01
3.09E-01
4.37E-01
6.95E-01
7.59E-01
7.59E-01
7.59E-01
7.59E-01
7.59E-01
6.95E-01
5.66E-01
5.02E-01
1.80E-01
5.13E-02
5.13E-02
5.13E-02
4.37E-01
5.66E-01
7.59E-01
7.59E-01
7.59E-01
6.95E-01
6.95E-01
5.02E-01
4.37E-01
-1.30E-02
-1.42E-01
-2.70E-01
-2.70E-01
-1.42E-01
5.13E-02
1.16E-01
5.02E-01
5.66E-01
6.30E-01
5.02E-01
4.37E-01
2.44E-01
-7.73E-02
-3.99E-01
-3.99E-01
-7.21E-01
-7.85E-01
-5.92E-01
-4.63E-01
-2.70E-01
5.13E-02
2.44E-01
3.09E-01
3.09E-01
1.16E-01
-1.42E-01
-2.06E-01
-5.92E-01
-9.78E-01
-1.17E+00
-1.04E+00
-9.14E-01
-8.49E-01
-5.92E-01
-3.99E-01
-1.42E-01
-7.73E-02
-1.42E-01
-1.42E-01
-4.63E-01
-6.56E-01
-7.85E-01
-1.17E+00
-1.30E+00
-1.36E+00
-1.49E+00
-1.30E+00
-1.04E+00
-8.49E-01
-7.21E-01
-4.63E-01
-5.28E-01
-6.56E-01
-7.21E-01
-9.78E-01
-1.30E+00
-1.62E+00
-1.69E+00
-1.88E+00
-1.88E+00
-1.75E+00
-1.30E+00
-1.17E+00
-1.11E+00
-8.49E-01
-7.85E-01
-1.04E+00
-1.04E+00
-1.49E+00
-1.69E+00
-1.81E+00
-2.07E+00
-2.20E+00
-2.26E+00
-2.07E+00
-1.88E+00
-1.75E+00
-1.56E+00
-1.43E+00
-1.30E+00
-1.36E+00
-1.43E+00
-1.75E+00
-1.75E+00
-2.07E+00
-2.33E+00
-2.59E+00
-2.71E+00
-2.52E+00
-2.46E+00
-2.33E+00
-1.94E+00
-1.81E+00
-1.69E+00
-1.75E+00
-1.69E+00
-1.94E+00
-2.20E+00
-2.39E+00
-2.84E+00
-2.97E+00
-2.91E+00
-2.97E+00
-2.91E+00
-2.71E+00
-2.46E+00
-2.33E+00
-2.14E+00
-2.14E+00
-2.07E+00
-2.33E+00
-2.39E+00
-2.71E+00
-3.04E+00
-3.10E+00
-3.36E+00
-3.42E+00
-3.36E+00
-3.23E+00
-2.78E+00
-2.84E+00
-2.59E+00
-2.26E+00
-2.52E+00
-2.39E+00
-2.71E+00
-3.16E+00
-3.29E+00
-3.55E+00
-3.68E+00
-3.68E+00
-3.55E+00
-3.55E+00
-3.23E+00
-3.16E+00
-3.04E+00
-2.84E+00
-2.91E+00
-2.91E+00
-3.29E+00
-3.29E+00
-3.49E+00
-3.62E+00
-3.87E+00
-4.00E+00
-3.87E+00
-4.00E+00
-3.81E+00
-3.81E+00
-3.55E+00
-3.29E+00
-3.23E+00
-3.10E+00
-3.23E+00
-3.42E+00
-3.62E+00
-3.68E+00
-4.13E+00
-4.26E+00
-4.32E+00
-4.19E+00
-4.13E+00
-3.94E+00
-4.00E+00
-3.68E+00
-3.55E+00
-3.42E+00
-3.55E+00
-3.68E+00
-3.87E+00
-3.94E+00
-4.26E+00
-4.39E+00
-4.45E+00
-4.39E+00
-4.39E+00
-4.26E+00
-4.13E+00
-4.07E+00
-3.87E+00
-3.74E+00
-3.74E+00
-3.81E+00
-4.00E+00
-4.07E+00
-4.32E+00
-4.39E+00
-4.45E+00
-4.52E+00
-4.52E+00
-4.45E+00
-4.32E+00
-4.32E+00
-4.00E+00
-4.00E+00
-3.87E+00
-3.87E+00
-4.00E+00
-4.07E+00
-4.19E+00
-4.39E+00
-4.58E+00
-4.58E+00
-4.52E+00
-4.52E+00
-4.52E+00
-4.45E+00
-4.45E+00
-4.13E+00
-4.13E+00
-4.07E+00
-4.07E+00
-4.07E+00
-4.19E+00
-4.39E+00
-4.52E+00
-4.58E+00
-4.58E+00
-4.58E+00
-4.58E+00
-4.52E+00
-4.52E+00
-4.39E+00
-4.26E+00
-4.13E+00
-4.07E+00
-4.19E+00
-4.26E+00
-4.39E+00
-4.52E+00
-4.58E+00
-4.64E+00
-4.64E+00
-4.58E+00
-4.58E+00
-4.58E+00
-4.39E+00
-4.39E+00
-4.26E+00
-4.19E+00
-4.32E+00
-4.32E+00
-4.45E+00
-4.52E+00
-4.64E+00
-4.64E+00
-4.64E+00
-4.58E+00
-4.64E+00
-4.58E+00
-4.58E+00
-4.45E+00
-4.39E+00
-4.39E+00
-4.39E+00
-4.45E+00
-4.45E+00
-4.58E+00
-4.58E+00
-4.64E+00
-4.71E+00
-4.71E+00
-4.71E+00
-4.64E+00
-4.64E+00
-4.52E+00
-4.52E+00
-4.39E+00
-4.39E+00
-4.45E+00
-4.52E+00
-4.52E+00
-4.58E+00
-4.64E+00
-4.64E+00
-4.71E+00
-4.71E+00
-4.71E+00
-4.71E+00
-4.64E+00
-4.58E+00
-4.58E+00
-4.58E+00
-4.52E+00
-4.58E+00
-4.58E+00
-4.64E+00
-4.64E+00
-4.71E+00
-4.71E+00
-4.71E+00
-4.71E+00
-4.77E+00
-4.64E+00
-4.71E+00
-4.58E+00
-4.52E+00
-4.58E+00
-4.52E+00
-4.58E+00
-4.64E+00
-4.71E+00
-4.71E+00
-4.64E+00
-4.77E+00
-4.77E+00
-4.71E+00
-4.71E+00
-4.71E+00
-4.64E+00
-4.58E+00
-4.64E+00
-4.58E+00
-4.64E+00
-4.58E+00
-4.64E+00
-4.71E+00
-4.71E+00
-4.71E+00
-4.71E+00
-4.77E+00
-4.77E+00
-4.71E+00
-4.64E+00
-4.71E+00
-4.64E+00
-4.58E+00
-4.64E+00
-4.64E+00
-4.64E+00
-4.71E+00
-4.71E+00
-4.77E+00
-4.77E+00
-4.71E+00
-4.71E+00
-4.77E+00
-4.77E+00
-4.71E+00
-4.64E+00
-4.64E+00
-4.64E+00
-4.71E+00
-4.64E+00
-4.71E+00
-4.77E+00
-4.71E+00
-4.77E+00
-4.77E+00
-4.77E+00
-4.77E+00
-4.71E+00
-4.71E+00
-4.77E+00
-4.64E+00
-4.64E+00
-4.71E+00
-4.71E+00
-4.71E+00
-4.71E+00
-4.77E+00
-4.77E+00
-4.77E+00
-4.84E+00
-4.84E+00
-4.77E+00
-4.77E+00
-4.71E+00
-4.71E+00
-4.64E+00
-4.64E+00
-4.71E+00
-4.71E+00
-4.84E+00
-4.84E+00
-4.77E+00
-4.77E+00
-4.77E+00
-4.77E+00
-4.77E+00
-4.77E+00
-4.77E+00
-4.71E+00
-4.71E+00
-4.64E+00
-4.71E+00
-4.71E+00
-4.71E+00
-4.77E+00
-4.84E+00
-4.84E+00
-4.84E+00
-4.77E+00
-4.77E+00
-4.71E+00
-4.77E+00
-4.77E+00
-4.71E+00
-4.77E+00
-4.71E+00
-4.71E+00
-4.77E+00
-4.77E+00
-4.77E+00
-4.77E+00
-4.84E+00
-4.77E+00
-4.84E+00
-4.77E+00
-4.77E+00
-4.77E+00
-4.77E+00
-4.71E+00
-4.77E+00
-4.71E+00
-4.77E+00
-4.77E+00
-4.77E+00
-4.84E+00
-4.77E+00
-4.84E+00
-4.77E+00
-4.84E+00
-4.77E+00
-4.77E+00
-4.77E+00
-4.71E+00
-4.71E+00
-4.71E+00
-4.71E+00
-4.77E+00
-4.77E+00
-4.77E+00
-4.77E+00
-4.84E+00
-4.84E+00
-4.77E+00
-4.84E+00
-4.84E+00
-4.77E+00
-4.71E+00
-4.77E+00
-4.77E+00
-4.84E+00
-4.84E+00
-4.77E+00
-4.77E+00
-4.84E+00
-4.77E+00
-4.84E+00
-4.77E+00
-4.84E+00
-4.77E+00
-4.77E+00
-4.77E+00
-4.71E+00
-4.71E+00
-4.71E+00
-4.77E+00
-4.71E+00
-4.77E+00
-4.84E+00
-4.84E+00
-4.84E+00
-4.84E+00
-4.77E+00
-4.77E+00
-4.77E+00
-4.77E+00
-4.77E+00
-4.71E+00
-4.77E+00
-4.77E+00
-4.84E+00
-4.84E+00
-4.84E+00
-4.77E+00
-4.84E+00
-4.84E+00
-4.77E+00
-4.77E+00
-4.77E+00
-4.77E+00
-4.77E+00
-4.71E+00
-4.77E+00
-4.84E+00
-4.77E+00
-4.77E+00
-4.77E+00
];
