x=[0
1.98E+00
1.98E+00
1.98E+00
1.98E+00
1.92E+00
1.92E+00
1.98E+00
1.92E+00
1.92E+00
1.98E+00
1.98E+00
1.98E+00
1.98E+00
1.98E+00
2.05E+00
1.98E+00
1.92E+00
1.92E+00
1.98E+00
1.98E+00
1.98E+00
1.98E+00
1.98E+00
1.98E+00
1.98E+00
1.92E+00
1.98E+00
1.98E+00
1.98E+00
1.98E+00
1.98E+00
1.92E+00
1.98E+00
1.98E+00
1.98E+00
1.98E+00
1.92E+00
1.98E+00
1.98E+00
1.98E+00
1.98E+00
1.98E+00
2.05E+00
2.05E+00
1.98E+00
1.98E+00
1.98E+00
1.92E+00
1.98E+00
1.92E+00
1.98E+00
1.98E+00
1.98E+00
1.98E+00
2.05E+00
1.98E+00
1.92E+00
1.92E+00
1.98E+00
1.98E+00
1.98E+00
1.98E+00
1.98E+00
1.98E+00
1.98E+00
1.98E+00
1.98E+00
1.98E+00
1.98E+00
1.98E+00
1.98E+00
1.98E+00
1.98E+00
1.98E+00
1.98E+00
1.98E+00
1.98E+00
1.98E+00
1.98E+00
1.98E+00
1.98E+00
2.05E+00
2.05E+00
1.98E+00
1.98E+00
1.92E+00
1.98E+00
1.92E+00
1.98E+00
1.98E+00
1.98E+00
1.98E+00
1.98E+00
2.05E+00
1.98E+00
2.05E+00
2.05E+00
1.98E+00
1.98E+00
1.92E+00
1.98E+00
1.98E+00
1.92E+00
1.92E+00
1.98E+00
1.98E+00
1.98E+00
1.98E+00
1.98E+00
1.98E+00
1.98E+00
1.92E+00
1.98E+00
1.98E+00
1.98E+00
2.05E+00
1.98E+00
1.98E+00
1.98E+00
1.98E+00
1.98E+00
1.98E+00
2.05E+00
1.98E+00
2.05E+00
2.05E+00
1.98E+00
1.98E+00
1.98E+00
2.05E+00
1.98E+00
1.98E+00
1.92E+00
1.98E+00
1.98E+00
1.98E+00
1.98E+00
1.98E+00
1.98E+00
1.98E+00
1.98E+00
1.98E+00
1.98E+00
1.98E+00
1.98E+00
1.98E+00
1.98E+00
1.98E+00
1.98E+00
1.98E+00
1.98E+00
2.05E+00
2.05E+00
1.98E+00
1.98E+00
1.98E+00
1.98E+00
1.98E+00
1.92E+00
1.98E+00
1.98E+00
1.98E+00
1.98E+00
1.98E+00
1.98E+00
1.98E+00
1.92E+00
1.98E+00
1.98E+00
1.98E+00
1.98E+00
1.98E+00
2.05E+00
1.98E+00
2.05E+00
1.98E+00
1.98E+00
1.98E+00
1.92E+00
1.98E+00
1.92E+00
2.05E+00
2.05E+00
1.98E+00
1.98E+00
1.98E+00
1.98E+00
1.98E+00
2.05E+00
1.98E+00
1.92E+00
1.98E+00
1.92E+00
1.98E+00
1.98E+00
1.98E+00
2.05E+00
1.98E+00
1.98E+00
1.92E+00
1.98E+00
1.98E+00
1.98E+00
2.05E+00
1.98E+00
2.05E+00
1.98E+00
1.98E+00
2.05E+00
1.98E+00
1.98E+00
1.98E+00
1.98E+00
1.98E+00
1.98E+00
1.92E+00
1.98E+00
1.98E+00
1.98E+00
1.98E+00
1.98E+00
1.98E+00
1.98E+00
1.98E+00
1.98E+00
1.98E+00
1.98E+00
1.98E+00
1.92E+00
1.92E+00
1.98E+00
1.98E+00
1.98E+00
1.98E+00
1.98E+00
1.98E+00
1.92E+00
1.98E+00
1.98E+00
2.05E+00
2.05E+00
1.98E+00
1.98E+00
1.98E+00
1.98E+00
1.98E+00
1.98E+00
1.98E+00
1.98E+00
1.92E+00
1.98E+00
1.98E+00
1.98E+00
1.98E+00
1.98E+00
1.92E+00
1.98E+00
1.98E+00
1.98E+00
1.98E+00
2.05E+00
1.98E+00
1.98E+00
1.92E+00
1.98E+00
1.98E+00
1.98E+00
1.98E+00
1.98E+00
2.05E+00
1.98E+00
1.98E+00
1.98E+00
1.98E+00
1.98E+00
1.98E+00
1.92E+00
2.05E+00
1.98E+00
1.98E+00
1.98E+00
1.98E+00
1.98E+00
1.92E+00
1.98E+00
1.98E+00
1.98E+00
1.98E+00
1.92E+00
1.98E+00
1.92E+00
1.98E+00
1.98E+00
1.98E+00
1.98E+00
1.98E+00
2.05E+00
2.05E+00
1.98E+00
1.98E+00
2.05E+00
1.98E+00
1.92E+00
1.92E+00
1.92E+00
1.98E+00
1.98E+00
1.92E+00
1.98E+00
1.98E+00
1.98E+00
1.98E+00
1.92E+00
1.98E+00
1.98E+00
1.98E+00
1.98E+00
1.98E+00
1.98E+00
1.98E+00
1.98E+00
1.98E+00
1.98E+00
1.98E+00
1.98E+00
1.98E+00
1.98E+00
1.92E+00
1.92E+00
1.98E+00
1.92E+00
1.92E+00
1.92E+00
1.98E+00
2.05E+00
1.92E+00
1.98E+00
1.98E+00
1.98E+00
1.98E+00
1.92E+00
1.98E+00
1.98E+00
1.92E+00
1.98E+00
1.98E+00
1.98E+00
1.98E+00
1.98E+00
1.98E+00
1.98E+00
1.98E+00
1.98E+00
1.98E+00
1.92E+00
1.98E+00
1.98E+00
1.98E+00
2.05E+00
1.92E+00
1.98E+00
1.98E+00
1.98E+00
1.92E+00
1.98E+00
1.98E+00
1.98E+00
1.98E+00
1.92E+00
1.98E+00
1.98E+00
1.98E+00
1.98E+00
1.98E+00
1.85E+00
1.98E+00
1.92E+00
1.98E+00
1.92E+00
1.92E+00
1.98E+00
1.98E+00
1.92E+00
1.98E+00
1.98E+00
1.98E+00
1.98E+00
1.98E+00
1.98E+00
1.98E+00
1.92E+00
1.98E+00
1.98E+00
1.92E+00
1.92E+00
1.98E+00
1.98E+00
2.05E+00
1.98E+00
1.92E+00
1.98E+00
1.92E+00
1.92E+00
1.98E+00
1.92E+00
1.98E+00
1.98E+00
1.92E+00
1.92E+00
1.92E+00
1.98E+00
1.98E+00
1.98E+00
1.92E+00
1.92E+00
1.98E+00
1.92E+00
1.92E+00
1.92E+00
1.98E+00
1.92E+00
1.92E+00
1.92E+00
1.92E+00
1.98E+00
1.92E+00
1.92E+00
1.98E+00
2.05E+00
1.98E+00
1.92E+00
1.85E+00
1.98E+00
1.92E+00
1.92E+00
1.92E+00
1.92E+00
1.92E+00
1.92E+00
1.98E+00
1.98E+00
1.98E+00
1.98E+00
1.92E+00
1.92E+00
1.92E+00
1.92E+00
1.92E+00
1.92E+00
1.92E+00
1.98E+00
1.98E+00
1.92E+00
1.92E+00
1.92E+00
1.92E+00
1.92E+00
1.92E+00
1.92E+00
1.92E+00
1.85E+00
1.98E+00
1.92E+00
1.98E+00
1.98E+00
1.92E+00
1.92E+00
1.98E+00
1.98E+00
1.92E+00
1.98E+00
1.92E+00
1.92E+00
1.92E+00
1.92E+00
1.92E+00
1.92E+00
1.98E+00
1.98E+00
1.92E+00
1.92E+00
1.98E+00
1.92E+00
1.92E+00
1.98E+00
1.92E+00
1.92E+00
1.92E+00
1.98E+00
1.92E+00
1.92E+00
1.92E+00
1.98E+00
1.92E+00
1.92E+00
1.92E+00
1.98E+00
1.92E+00
1.92E+00
1.98E+00
1.92E+00
1.92E+00
1.92E+00
1.92E+00
1.92E+00
1.92E+00
1.98E+00
1.92E+00
1.92E+00
1.92E+00
1.85E+00
1.92E+00
1.92E+00
1.92E+00
1.92E+00
1.92E+00
1.92E+00
1.98E+00
1.85E+00
1.85E+00
1.92E+00
1.85E+00
1.92E+00
1.92E+00
1.85E+00
1.92E+00
1.92E+00
1.92E+00
1.92E+00
1.92E+00
1.92E+00
1.92E+00
1.85E+00
1.92E+00
1.92E+00
1.92E+00
1.85E+00
1.92E+00
1.92E+00
1.85E+00
1.85E+00
1.92E+00
1.85E+00
1.85E+00
1.92E+00
1.92E+00
1.92E+00
1.92E+00
1.92E+00
1.92E+00
1.92E+00
1.85E+00
1.85E+00
1.92E+00
1.85E+00
1.92E+00
1.92E+00
1.92E+00
1.92E+00
1.85E+00
1.85E+00
1.85E+00
1.85E+00
1.85E+00
1.85E+00
1.79E+00
1.92E+00
1.85E+00
1.92E+00
1.85E+00
1.85E+00
1.85E+00
1.85E+00
1.85E+00
1.79E+00
1.92E+00
1.85E+00
1.85E+00
1.92E+00
1.79E+00
1.85E+00
1.85E+00
1.85E+00
1.85E+00
1.85E+00
1.85E+00
1.92E+00
1.79E+00
1.85E+00
1.85E+00
1.85E+00
1.92E+00
1.85E+00
1.85E+00
1.85E+00
1.85E+00
1.85E+00
1.85E+00
1.85E+00
1.85E+00
1.85E+00
1.85E+00
1.85E+00
1.79E+00
1.79E+00
1.79E+00
1.85E+00
1.92E+00
1.85E+00
1.85E+00
1.85E+00
1.85E+00
1.92E+00
1.85E+00
1.79E+00
1.72E+00
1.72E+00
1.72E+00
1.85E+00
1.79E+00
1.85E+00
1.85E+00
1.85E+00
1.85E+00
1.85E+00
1.79E+00
1.85E+00
1.85E+00
1.79E+00
1.85E+00
1.79E+00
1.60E+00
1.66E+00
1.66E+00
1.72E+00
1.79E+00
1.85E+00
1.85E+00
1.79E+00
1.85E+00
];
