t=[-2.50E-03
-2.50E-03
-2.50E-03
-2.49E-03
-2.49E-03
-2.49E-03
-2.49E-03
-2.48E-03
-2.48E-03
-2.48E-03
-2.48E-03
-2.47E-03
-2.47E-03
-2.47E-03
-2.47E-03
-2.46E-03
-2.46E-03
-2.46E-03
-2.46E-03
-2.45E-03
-2.45E-03
-2.45E-03
-2.45E-03
-2.44E-03
-2.44E-03
-2.44E-03
-2.44E-03
-2.43E-03
-2.43E-03
-2.43E-03
-2.43E-03
-2.42E-03
-2.42E-03
-2.42E-03
-2.42E-03
-2.41E-03
-2.41E-03
-2.41E-03
-2.41E-03
-2.40E-03
-2.40E-03
-2.40E-03
-2.40E-03
-2.39E-03
-2.39E-03
-2.39E-03
-2.39E-03
-2.38E-03
-2.38E-03
-2.38E-03
-2.38E-03
-2.37E-03
-2.37E-03
-2.37E-03
-2.37E-03
-2.36E-03
-2.36E-03
-2.36E-03
-2.36E-03
-2.35E-03
-2.35E-03
-2.35E-03
-2.35E-03
-2.34E-03
-2.34E-03
-2.34E-03
-2.34E-03
-2.33E-03
-2.33E-03
-2.33E-03
-2.33E-03
-2.32E-03
-2.32E-03
-2.32E-03
-2.32E-03
-2.31E-03
-2.31E-03
-2.31E-03
-2.31E-03
-2.30E-03
-2.30E-03
-2.30E-03
-2.30E-03
-2.29E-03
-2.29E-03
-2.29E-03
-2.29E-03
-2.28E-03
-2.28E-03
-2.28E-03
-2.28E-03
-2.27E-03
-2.27E-03
-2.27E-03
-2.27E-03
-2.26E-03
-2.26E-03
-2.26E-03
-2.26E-03
-2.25E-03
-2.25E-03
-2.25E-03
-2.25E-03
-2.24E-03
-2.24E-03
-2.24E-03
-2.24E-03
-2.23E-03
-2.23E-03
-2.23E-03
-2.23E-03
-2.22E-03
-2.22E-03
-2.22E-03
-2.22E-03
-2.21E-03
-2.21E-03
-2.21E-03
-2.21E-03
-2.20E-03
-2.20E-03
-2.20E-03
-2.20E-03
-2.19E-03
-2.19E-03
-2.19E-03
-2.19E-03
-2.18E-03
-2.18E-03
-2.18E-03
-2.18E-03
-2.17E-03
-2.17E-03
-2.17E-03
-2.17E-03
-2.16E-03
-2.16E-03
-2.16E-03
-2.16E-03
-2.15E-03
-2.15E-03
-2.15E-03
-2.15E-03
-2.14E-03
-2.14E-03
-2.14E-03
-2.14E-03
-2.13E-03
-2.13E-03
-2.13E-03
-2.13E-03
-2.12E-03
-2.12E-03
-2.12E-03
-2.12E-03
-2.11E-03
-2.11E-03
-2.11E-03
-2.11E-03
-2.10E-03
-2.10E-03
-2.10E-03
-2.10E-03
-2.09E-03
-2.09E-03
-2.09E-03
-2.09E-03
-2.08E-03
-2.08E-03
-2.08E-03
-2.08E-03
-2.07E-03
-2.07E-03
-2.07E-03
-2.07E-03
-2.06E-03
-2.06E-03
-2.06E-03
-2.06E-03
-2.05E-03
-2.05E-03
-2.05E-03
-2.05E-03
-2.04E-03
-2.04E-03
-2.04E-03
-2.04E-03
-2.03E-03
-2.03E-03
-2.03E-03
-2.03E-03
-2.02E-03
-2.02E-03
-2.02E-03
-2.02E-03
-2.01E-03
-2.01E-03
-2.01E-03
-2.01E-03
-2.00E-03
-2.00E-03
-2.00E-03
-2.00E-03
-1.99E-03
-1.99E-03
-1.99E-03
-1.99E-03
-1.98E-03
-1.98E-03
-1.98E-03
-1.98E-03
-1.97E-03
-1.97E-03
-1.97E-03
-1.97E-03
-1.96E-03
-1.96E-03
-1.96E-03
-1.96E-03
-1.95E-03
-1.95E-03
-1.95E-03
-1.95E-03
-1.94E-03
-1.94E-03
-1.94E-03
-1.94E-03
-1.93E-03
-1.93E-03
-1.93E-03
-1.93E-03
-1.92E-03
-1.92E-03
-1.92E-03
-1.92E-03
-1.91E-03
-1.91E-03
-1.91E-03
-1.91E-03
-1.90E-03
-1.90E-03
-1.90E-03
-1.90E-03
-1.89E-03
-1.89E-03
-1.89E-03
-1.89E-03
-1.88E-03
-1.88E-03
-1.88E-03
-1.88E-03
-1.87E-03
-1.87E-03
-1.87E-03
-1.87E-03
-1.86E-03
-1.86E-03
-1.86E-03
-1.86E-03
-1.85E-03
-1.85E-03
-1.85E-03
-1.85E-03
-1.84E-03
-1.84E-03
-1.84E-03
-1.84E-03
-1.83E-03
-1.83E-03
-1.83E-03
-1.83E-03
-1.82E-03
-1.82E-03
-1.82E-03
-1.82E-03
-1.81E-03
-1.81E-03
-1.81E-03
-1.81E-03
-1.80E-03
-1.80E-03
-1.80E-03
-1.80E-03
-1.79E-03
-1.79E-03
-1.79E-03
-1.79E-03
-1.78E-03
-1.78E-03
-1.78E-03
-1.78E-03
-1.77E-03
-1.77E-03
-1.77E-03
-1.77E-03
-1.76E-03
-1.76E-03
-1.76E-03
-1.76E-03
-1.75E-03
-1.75E-03
-1.75E-03
-1.75E-03
-1.74E-03
-1.74E-03
-1.74E-03
-1.74E-03
-1.73E-03
-1.73E-03
-1.73E-03
-1.73E-03
-1.72E-03
-1.72E-03
-1.72E-03
-1.72E-03
-1.71E-03
-1.71E-03
-1.71E-03
-1.71E-03
-1.70E-03
-1.70E-03
-1.70E-03
-1.70E-03
-1.69E-03
-1.69E-03
-1.69E-03
-1.69E-03
-1.68E-03
-1.68E-03
-1.68E-03
-1.68E-03
-1.67E-03
-1.67E-03
-1.67E-03
-1.67E-03
-1.66E-03
-1.66E-03
-1.66E-03
-1.66E-03
-1.65E-03
-1.65E-03
-1.65E-03
-1.65E-03
-1.64E-03
-1.64E-03
-1.64E-03
-1.64E-03
-1.63E-03
-1.63E-03
-1.63E-03
-1.63E-03
-1.62E-03
-1.62E-03
-1.62E-03
-1.62E-03
-1.61E-03
-1.61E-03
-1.61E-03
-1.61E-03
-1.60E-03
-1.60E-03
-1.60E-03
-1.60E-03
-1.59E-03
-1.59E-03
-1.59E-03
-1.59E-03
-1.58E-03
-1.58E-03
-1.58E-03
-1.58E-03
-1.57E-03
-1.57E-03
-1.57E-03
-1.57E-03
-1.56E-03
-1.56E-03
-1.56E-03
-1.56E-03
-1.55E-03
-1.55E-03
-1.55E-03
-1.55E-03
-1.54E-03
-1.54E-03
-1.54E-03
-1.54E-03
-1.53E-03
-1.53E-03
-1.53E-03
-1.53E-03
-1.52E-03
-1.52E-03
-1.52E-03
-1.52E-03
-1.51E-03
-1.51E-03
-1.51E-03
-1.51E-03
-1.50E-03
-1.50E-03
-1.50E-03
-1.50E-03
-1.49E-03
-1.49E-03
-1.49E-03
-1.49E-03
-1.48E-03
-1.48E-03
-1.48E-03
-1.48E-03
-1.47E-03
-1.47E-03
-1.47E-03
-1.47E-03
-1.46E-03
-1.46E-03
-1.46E-03
-1.46E-03
-1.45E-03
-1.45E-03
-1.45E-03
-1.45E-03
-1.44E-03
-1.44E-03
-1.44E-03
-1.44E-03
-1.43E-03
-1.43E-03
-1.43E-03
-1.43E-03
-1.42E-03
-1.42E-03
-1.42E-03
-1.42E-03
-1.41E-03
-1.41E-03
-1.41E-03
-1.41E-03
-1.40E-03
-1.40E-03
-1.40E-03
-1.40E-03
-1.39E-03
-1.39E-03
-1.39E-03
-1.39E-03
-1.38E-03
-1.38E-03
-1.38E-03
-1.38E-03
-1.37E-03
-1.37E-03
-1.37E-03
-1.37E-03
-1.36E-03
-1.36E-03
-1.36E-03
-1.36E-03
-1.35E-03
-1.35E-03
-1.35E-03
-1.35E-03
-1.34E-03
-1.34E-03
-1.34E-03
-1.34E-03
-1.33E-03
-1.33E-03
-1.33E-03
-1.33E-03
-1.32E-03
-1.32E-03
-1.32E-03
-1.32E-03
-1.31E-03
-1.31E-03
-1.31E-03
-1.31E-03
-1.30E-03
-1.30E-03
-1.30E-03
-1.30E-03
-1.29E-03
-1.29E-03
-1.29E-03
-1.29E-03
-1.28E-03
-1.28E-03
-1.28E-03
-1.28E-03
-1.27E-03
-1.27E-03
-1.27E-03
-1.27E-03
-1.26E-03
-1.26E-03
-1.26E-03
-1.26E-03
-1.25E-03
-1.25E-03
-1.25E-03
-1.25E-03
-1.24E-03
-1.24E-03
-1.24E-03
-1.24E-03
-1.23E-03
-1.23E-03
-1.23E-03
-1.23E-03
-1.22E-03
-1.22E-03
-1.22E-03
-1.22E-03
-1.21E-03
-1.21E-03
-1.21E-03
-1.21E-03
-1.20E-03
-1.20E-03
-1.20E-03
-1.20E-03
-1.19E-03
-1.19E-03
-1.19E-03
-1.19E-03
-1.18E-03
-1.18E-03
-1.18E-03
-1.18E-03
-1.17E-03
-1.17E-03
-1.17E-03
-1.17E-03
-1.16E-03
-1.16E-03
-1.16E-03
-1.16E-03
-1.15E-03
-1.15E-03
-1.15E-03
-1.15E-03
-1.14E-03
-1.14E-03
-1.14E-03
-1.14E-03
-1.13E-03
-1.13E-03
-1.13E-03
-1.13E-03
-1.12E-03
-1.12E-03
-1.12E-03
-1.12E-03
-1.11E-03
-1.11E-03
-1.11E-03
-1.11E-03
-1.10E-03
-1.10E-03
-1.10E-03
-1.10E-03
-1.09E-03
-1.09E-03
-1.09E-03
-1.09E-03
-1.08E-03
-1.08E-03
-1.08E-03
-1.08E-03
-1.07E-03
-1.07E-03
-1.07E-03
-1.07E-03
-1.06E-03
-1.06E-03
-1.06E-03
-1.06E-03
-1.05E-03
-1.05E-03
-1.05E-03
-1.05E-03
-1.04E-03
-1.04E-03
-1.04E-03
-1.04E-03
-1.03E-03
-1.03E-03
-1.03E-03
-1.03E-03
-1.02E-03
-1.02E-03
-1.02E-03
-1.02E-03
-1.01E-03
-1.01E-03
-1.01E-03
-1.01E-03
-1.00E-03
-1.00E-03
-9.98E-04
-9.95E-04
-9.93E-04
-9.90E-04
-9.88E-04
-9.85E-04
-9.83E-04
-9.80E-04
-9.78E-04
-9.75E-04
-9.73E-04
-9.70E-04
-9.68E-04
-9.65E-04
-9.63E-04
-9.60E-04
-9.58E-04
-9.55E-04
-9.53E-04
-9.50E-04
-9.48E-04
-9.45E-04
-9.43E-04
-9.40E-04
-9.38E-04
-9.35E-04
-9.33E-04
-9.30E-04
-9.28E-04
-9.25E-04
-9.23E-04
-9.20E-04
-9.18E-04
-9.15E-04
-9.13E-04
-9.10E-04
-9.08E-04
-9.05E-04
-9.03E-04
-9.00E-04
-8.98E-04
-8.95E-04
-8.93E-04
-8.90E-04
-8.88E-04
-8.85E-04
-8.83E-04
-8.80E-04
-8.78E-04
-8.75E-04
-8.73E-04
-8.70E-04
-8.68E-04
-8.65E-04
-8.63E-04
-8.60E-04
-8.58E-04
-8.55E-04
-8.53E-04
-8.50E-04
-8.48E-04
-8.45E-04
-8.43E-04
-8.40E-04
-8.38E-04
-8.35E-04
-8.33E-04
-8.30E-04
-8.28E-04
-8.25E-04
-8.23E-04
-8.20E-04
-8.18E-04
-8.15E-04
-8.13E-04
-8.10E-04
-8.08E-04
-8.05E-04
-8.03E-04
-8.00E-04
-7.98E-04
-7.95E-04
-7.93E-04
-7.90E-04
-7.88E-04
-7.85E-04
-7.83E-04
-7.80E-04
-7.78E-04
-7.75E-04
-7.73E-04
-7.70E-04
-7.68E-04
-7.65E-04
-7.63E-04
-7.60E-04
-7.58E-04
-7.55E-04
-7.53E-04
-7.50E-04
-7.48E-04
-7.45E-04
-7.43E-04
-7.40E-04
-7.38E-04
-7.35E-04
-7.33E-04
-7.30E-04
-7.28E-04
-7.25E-04
-7.23E-04
-7.20E-04
-7.18E-04
-7.15E-04
-7.13E-04
-7.10E-04
-7.08E-04
-7.05E-04
-7.03E-04
-7.00E-04
-6.98E-04
-6.95E-04
-6.93E-04
-6.90E-04
-6.88E-04
-6.85E-04
-6.83E-04
-6.80E-04
-6.78E-04
-6.75E-04
-6.73E-04
-6.70E-04
-6.68E-04
-6.65E-04
-6.63E-04
-6.60E-04
-6.58E-04
-6.55E-04
-6.53E-04
-6.50E-04
-6.48E-04
-6.45E-04
-6.43E-04
-6.40E-04
-6.38E-04
-6.35E-04
-6.33E-04
-6.30E-04
-6.28E-04
-6.25E-04
-6.23E-04
-6.20E-04
-6.18E-04
-6.15E-04
-6.13E-04
-6.10E-04
-6.08E-04
-6.05E-04
-6.03E-04
-6.00E-04
-5.98E-04
-5.95E-04
-5.93E-04
-5.90E-04
-5.88E-04
-5.85E-04
-5.83E-04
-5.80E-04
-5.78E-04
-5.75E-04
-5.73E-04
-5.70E-04
-5.68E-04
-5.65E-04
-5.63E-04
-5.60E-04
-5.58E-04
-5.55E-04
-5.53E-04
-5.50E-04
-5.48E-04
-5.45E-04
-5.43E-04
-5.40E-04
-5.38E-04
-5.35E-04
-5.33E-04
-5.30E-04
-5.28E-04
-5.25E-04
-5.23E-04
-5.20E-04
-5.18E-04
-5.15E-04
-5.13E-04
-5.10E-04
-5.08E-04
-5.05E-04
