x=[-5.08E+00
-5.08E+00
-5.08E+00
-5.08E+00
-5.15E+00
-5.15E+00
-5.08E+00
-5.08E+00
-5.15E+00
-5.08E+00
-5.15E+00
-5.08E+00
-5.08E+00
-5.15E+00
-5.02E+00
-5.08E+00
-5.08E+00
-5.08E+00
-5.08E+00
-5.08E+00
-5.08E+00
-5.08E+00
-5.15E+00
-5.08E+00
-5.15E+00
-5.02E+00
-5.08E+00
-5.15E+00
-5.15E+00
-5.08E+00
-5.08E+00
-5.02E+00
-5.08E+00
-5.08E+00
-5.08E+00
-5.08E+00
-5.15E+00
-5.08E+00
-5.08E+00
-5.08E+00
-5.02E+00
-5.15E+00
-5.02E+00
-5.02E+00
-5.08E+00
-5.08E+00
-5.08E+00
-5.08E+00
-5.08E+00
-5.08E+00
-5.08E+00
-5.08E+00
-5.08E+00
-5.08E+00
-5.08E+00
-5.15E+00
-5.15E+00
-5.15E+00
-5.15E+00
-5.08E+00
-5.08E+00
-5.08E+00
-5.08E+00
-5.08E+00
-5.15E+00
-5.08E+00
-5.08E+00
-5.08E+00
-5.08E+00
-5.08E+00
-5.08E+00
-5.08E+00
-5.02E+00
-5.08E+00
-5.15E+00
-5.08E+00
-5.08E+00
-5.08E+00
-5.08E+00
-5.08E+00
-5.08E+00
-5.08E+00
-5.15E+00
-5.08E+00
-5.02E+00
-5.08E+00
-5.02E+00
-5.08E+00
-5.08E+00
-5.08E+00
-5.08E+00
-5.02E+00
-5.08E+00
-5.08E+00
-5.02E+00
-5.08E+00
-5.15E+00
-5.02E+00
-5.02E+00
-5.08E+00
-4.95E+00
-4.82E+00
-4.57E+00
-4.70E+00
-4.89E+00
-5.02E+00
-5.02E+00
-5.08E+00
-5.08E+00
-5.02E+00
-4.89E+00
-4.76E+00
-4.70E+00
-4.31E+00
-4.25E+00
-4.31E+00
-4.31E+00
-4.37E+00
-4.31E+00
-4.50E+00
-4.44E+00
-4.44E+00
-4.18E+00
-3.99E+00
-3.99E+00
-3.79E+00
-3.86E+00
-3.67E+00
-3.54E+00
-3.41E+00
-3.22E+00
-3.09E+00
-3.15E+00
-3.22E+00
-3.22E+00
-3.34E+00
-3.41E+00
-3.15E+00
-3.15E+00
-2.77E+00
-2.38E+00
-2.06E+00
-1.87E+00
-1.74E+00
-1.80E+00
-1.99E+00
-2.12E+00
-2.32E+00
-2.32E+00
-2.06E+00
-1.80E+00
-1.74E+00
-1.22E+00
-9.65E-01
-8.36E-01
-6.43E-01
-9.01E-01
-6.43E-01
-7.72E-01
-5.79E-01
-6.43E-01
-5.79E-01
-3.86E-01
-3.22E-01
-3.86E-01
-3.22E-01
-2.57E-01
-1.29E-01
1.29E-01
2.57E-01
5.79E-01
5.15E-01
6.43E-01
6.43E-01
6.43E-01
6.43E-01
6.43E-01
5.79E-01
7.08E-01
6.43E-01
6.43E-01
7.08E-01
7.08E-01
6.43E-01
7.08E-01
7.08E-01
6.43E-01
7.08E-01
6.43E-01
7.72E-01
6.43E-01
5.79E-01
7.08E-01
6.43E-01
6.43E-01
6.43E-01
7.08E-01
6.43E-01
6.43E-01
7.08E-01
7.72E-01
7.08E-01
7.08E-01
7.08E-01
7.08E-01
6.43E-01
7.08E-01
7.08E-01
7.08E-01
7.08E-01
7.08E-01
7.08E-01
7.08E-01
6.43E-01
7.08E-01
7.08E-01
7.08E-01
7.08E-01
6.43E-01
7.08E-01
7.08E-01
7.08E-01
7.08E-01
7.72E-01
7.08E-01
7.08E-01
7.08E-01
7.08E-01
7.08E-01
7.08E-01
7.08E-01
7.08E-01
7.08E-01
7.72E-01
7.08E-01
7.08E-01
7.08E-01
7.08E-01
7.72E-01
7.08E-01
7.72E-01
7.08E-01
7.72E-01
7.08E-01
7.08E-01
7.08E-01
7.72E-01
7.08E-01
7.08E-01
7.08E-01
6.43E-01
6.43E-01
7.08E-01
7.08E-01
7.08E-01
7.72E-01
7.08E-01
7.72E-01
7.08E-01
7.72E-01
6.43E-01
7.72E-01
7.08E-01
7.08E-01
7.72E-01
7.08E-01
7.08E-01
7.08E-01
7.08E-01
7.08E-01
7.08E-01
6.43E-01
7.08E-01
7.08E-01
7.72E-01
7.08E-01
7.08E-01
7.72E-01
7.08E-01
7.08E-01
7.08E-01
7.08E-01
8.36E-01
7.72E-01
7.72E-01
7.08E-01
7.08E-01
7.08E-01
7.08E-01
7.08E-01
7.08E-01
7.08E-01
7.72E-01
7.08E-01
7.08E-01
7.08E-01
7.08E-01
7.08E-01
7.08E-01
7.08E-01
7.08E-01
7.08E-01
7.72E-01
7.08E-01
7.72E-01
7.72E-01
7.08E-01
7.08E-01
7.08E-01
7.08E-01
7.72E-01
7.08E-01
7.08E-01
7.08E-01
7.08E-01
7.08E-01
7.08E-01
7.08E-01
6.43E-01
7.08E-01
7.08E-01
7.08E-01
7.08E-01
7.08E-01
7.08E-01
7.08E-01
7.08E-01
7.72E-01
7.08E-01
7.08E-01
7.72E-01
7.08E-01
7.08E-01
7.08E-01
7.08E-01
7.08E-01
6.43E-01
7.08E-01
7.08E-01
7.08E-01
7.08E-01
7.08E-01
7.08E-01
7.72E-01
7.08E-01
7.08E-01
7.08E-01
7.08E-01
7.08E-01
7.08E-01
6.43E-01
7.72E-01
7.08E-01
7.08E-01
7.08E-01
7.08E-01
7.72E-01
7.08E-01
7.08E-01
7.08E-01
7.08E-01
7.08E-01
7.08E-01
7.72E-01
7.72E-01
7.08E-01
7.08E-01
7.08E-01
7.08E-01
7.08E-01
7.72E-01
7.08E-01
7.08E-01
7.08E-01
7.08E-01
7.72E-01
7.72E-01
7.08E-01
7.08E-01
7.08E-01
7.08E-01
7.08E-01
7.08E-01
7.08E-01
7.08E-01
7.72E-01
7.08E-01
7.08E-01
7.08E-01
7.08E-01
7.08E-01
7.08E-01
7.72E-01
7.72E-01
7.08E-01
7.08E-01
6.43E-01
7.08E-01
7.08E-01
7.08E-01
7.08E-01
7.08E-01
7.08E-01
7.08E-01
7.08E-01
7.08E-01
7.08E-01
7.08E-01
7.08E-01
7.08E-01
7.08E-01
7.08E-01
7.08E-01
7.72E-01
7.08E-01
7.08E-01
7.08E-01
7.08E-01
7.08E-01
6.43E-01
7.08E-01
7.08E-01
7.08E-01
7.08E-01
7.08E-01
7.08E-01
6.43E-01
7.72E-01
6.43E-01
7.08E-01
7.08E-01
7.08E-01
7.08E-01
7.08E-01
7.08E-01
7.08E-01
6.43E-01
7.08E-01
7.08E-01
7.08E-01
7.08E-01
7.08E-01
7.08E-01
6.43E-01
7.08E-01
6.43E-01
7.08E-01
7.08E-01
7.08E-01
6.43E-01
7.08E-01
6.43E-01
7.08E-01
7.08E-01
7.08E-01
7.08E-01
6.43E-01
6.43E-01
6.43E-01
6.43E-01
6.43E-01
6.43E-01
6.43E-01
6.43E-01
6.43E-01
7.08E-01
6.43E-01
7.08E-01
6.43E-01
6.43E-01
6.43E-01
6.43E-01
7.08E-01
6.43E-01
6.43E-01
5.79E-01
5.15E-01
5.79E-01
3.22E-01
1.29E-01
-1.93E-01
6.43E-02
1.29E-01
3.86E-01
2.57E-01
3.86E-01
3.86E-01
1.93E-01
0.00E+00
-5.79E-01
-6.43E-01
-6.43E-01
-7.72E-01
-7.72E-01
-7.72E-01
-5.79E-01
-5.15E-01
-5.15E-01
-5.79E-01
-1.09E+00
-1.22E+00
-1.48E+00
-1.61E+00
-1.80E+00
-1.87E+00
-1.74E+00
-1.80E+00
-1.80E+00
-1.99E+00
-2.19E+00
-2.32E+00
-2.32E+00
-2.32E+00
-2.57E+00
-2.64E+00
-2.64E+00
-2.64E+00
-2.77E+00
-2.89E+00
-3.28E+00
-3.34E+00
-3.67E+00
-3.67E+00
-3.60E+00
-3.60E+00
-3.54E+00
-3.41E+00
-3.54E+00
-3.67E+00
-3.67E+00
-4.05E+00
-4.31E+00
-4.57E+00
-4.63E+00
-4.63E+00
-4.70E+00
-4.63E+00
-4.70E+00
-4.63E+00
-4.57E+00
-4.76E+00
-4.82E+00
-4.82E+00
-4.95E+00
-5.02E+00
-5.02E+00
-5.08E+00
-5.02E+00
-5.02E+00
-5.08E+00
-5.08E+00
-5.08E+00
-5.08E+00
-5.08E+00
-5.08E+00
-5.08E+00
-5.08E+00
-5.08E+00
-5.08E+00
-5.08E+00
-5.08E+00
-5.02E+00
-5.08E+00
-5.02E+00
-5.08E+00
-5.08E+00
-5.08E+00
-5.08E+00
-5.08E+00
-5.08E+00
-5.08E+00
-5.08E+00
-5.02E+00
-5.08E+00
-5.08E+00
-5.02E+00
-5.15E+00
-5.15E+00
-5.08E+00
-5.08E+00
-5.08E+00
-5.08E+00
-5.08E+00
-5.08E+00
-5.08E+00
-5.15E+00
-5.15E+00
-5.02E+00
-5.08E+00
-5.08E+00
-5.08E+00
-5.15E+00
-5.15E+00
-5.08E+00
-5.15E+00
-5.08E+00
-5.08E+00
-5.08E+00
-5.08E+00
-5.08E+00
-5.08E+00
-5.15E+00
-5.02E+00
-5.08E+00
-5.08E+00
-5.15E+00
-5.08E+00
-5.15E+00
-5.15E+00
-5.15E+00
-5.08E+00
-5.08E+00
-5.08E+00
-5.15E+00
-5.08E+00
-5.08E+00
-5.15E+00
-5.08E+00
-5.08E+00
-5.08E+00
-5.08E+00
-5.08E+00
-5.08E+00
-5.08E+00
-5.08E+00
-5.08E+00
-5.08E+00
-5.08E+00
-5.15E+00
-5.08E+00
-5.08E+00
-5.08E+00
-5.08E+00
-5.08E+00
-5.08E+00
-5.08E+00
-5.08E+00
-5.08E+00
-5.08E+00
-5.08E+00];
