t=[-1.00E-07
-9.97E-08
-9.94E-08
-9.91E-08
-9.88E-08
-9.84E-08
-9.81E-08
-9.78E-08
-9.75E-08
-9.72E-08
-9.69E-08
-9.66E-08
-9.63E-08
-9.59E-08
-9.56E-08
-9.53E-08
-9.50E-08
-9.47E-08
-9.44E-08
-9.41E-08
-9.38E-08
-9.34E-08
-9.31E-08
-9.28E-08
-9.25E-08
-9.22E-08
-9.19E-08
-9.16E-08
-9.13E-08
-9.09E-08
-9.06E-08
-9.03E-08
-9.00E-08
-8.97E-08
-8.94E-08
-8.91E-08
-8.88E-08
-8.84E-08
-8.81E-08
-8.78E-08
-8.75E-08
-8.72E-08
-8.69E-08
-8.66E-08
-8.63E-08
-8.59E-08
-8.56E-08
-8.53E-08
-8.50E-08
-8.47E-08
-8.44E-08
-8.41E-08
-8.38E-08
-8.34E-08
-8.31E-08
-8.28E-08
-8.25E-08
-8.22E-08
-8.19E-08
-8.16E-08
-8.13E-08
-8.09E-08
-8.06E-08
-8.03E-08
-8.00E-08
-7.97E-08
-7.94E-08
-7.91E-08
-7.88E-08
-7.84E-08
-7.81E-08
-7.78E-08
-7.75E-08
-7.72E-08
-7.69E-08
-7.66E-08
-7.63E-08
-7.59E-08
-7.56E-08
-7.53E-08
-7.50E-08
-7.47E-08
-7.44E-08
-7.41E-08
-7.38E-08
-7.34E-08
-7.31E-08
-7.28E-08
-7.25E-08
-7.22E-08
-7.19E-08
-7.16E-08
-7.13E-08
-7.09E-08
-7.06E-08
-7.03E-08
-7.00E-08
-6.97E-08
-6.94E-08
-6.91E-08
-6.88E-08
-6.84E-08
-6.81E-08
-6.78E-08
-6.75E-08
-6.72E-08
-6.69E-08
-6.66E-08
-6.63E-08
-6.59E-08
-6.56E-08
-6.53E-08
-6.50E-08
-6.47E-08
-6.44E-08
-6.41E-08
-6.38E-08
-6.34E-08
-6.31E-08
-6.28E-08
-6.25E-08
-6.22E-08
-6.19E-08
-6.16E-08
-6.13E-08
-6.09E-08
-6.06E-08
-6.03E-08
-6.00E-08
-5.97E-08
-5.94E-08
-5.91E-08
-5.88E-08
-5.84E-08
-5.81E-08
-5.78E-08
-5.75E-08
-5.72E-08
-5.69E-08
-5.66E-08
-5.63E-08
-5.59E-08
-5.56E-08
-5.53E-08
-5.50E-08
-5.47E-08
-5.44E-08
-5.41E-08
-5.38E-08
-5.34E-08
-5.31E-08
-5.28E-08
-5.25E-08
-5.22E-08
-5.19E-08
-5.16E-08
-5.13E-08
-5.09E-08
-5.06E-08
-5.03E-08
-5.00E-08
-4.97E-08
-4.94E-08
-4.91E-08
-4.88E-08
-4.84E-08
-4.81E-08
-4.78E-08
-4.75E-08
-4.72E-08
-4.69E-08
-4.66E-08
-4.63E-08
-4.59E-08
-4.56E-08
-4.53E-08
-4.50E-08
-4.47E-08
-4.44E-08
-4.41E-08
-4.38E-08
-4.34E-08
-4.31E-08
-4.28E-08
-4.25E-08
-4.22E-08
-4.19E-08
-4.16E-08
-4.13E-08
-4.09E-08
-4.06E-08
-4.03E-08
-4.00E-08
-3.97E-08
-3.94E-08
-3.91E-08
-3.88E-08
-3.84E-08
-3.81E-08
-3.78E-08
-3.75E-08
-3.72E-08
-3.69E-08
-3.66E-08
-3.63E-08
-3.59E-08
-3.56E-08
-3.53E-08
-3.50E-08
-3.47E-08
-3.44E-08
-3.41E-08
-3.38E-08
-3.34E-08
-3.31E-08
-3.28E-08
-3.25E-08
-3.22E-08
-3.19E-08
-3.16E-08
-3.13E-08
-3.09E-08
-3.06E-08
-3.03E-08
-3.00E-08
-2.97E-08
-2.94E-08
-2.91E-08
-2.88E-08
-2.84E-08
-2.81E-08
-2.78E-08
-2.75E-08
-2.72E-08
-2.69E-08
-2.66E-08
-2.63E-08
-2.59E-08
-2.56E-08
-2.53E-08
-2.50E-08
-2.47E-08
-2.44E-08
-2.41E-08
-2.38E-08
-2.34E-08
-2.31E-08
-2.28E-08
-2.25E-08
-2.22E-08
-2.19E-08
-2.16E-08
-2.13E-08
-2.09E-08
-2.06E-08
-2.03E-08
-2.00E-08
-1.97E-08
-1.94E-08
-1.91E-08
-1.88E-08
-1.84E-08
-1.81E-08
-1.78E-08
-1.75E-08
-1.72E-08
-1.69E-08
-1.66E-08
-1.63E-08
-1.59E-08
-1.56E-08
-1.53E-08
-1.50E-08
-1.47E-08
-1.44E-08
-1.41E-08
-1.38E-08
-1.34E-08
-1.31E-08
-1.28E-08
-1.25E-08
-1.22E-08
-1.19E-08
-1.16E-08
-1.13E-08
-1.09E-08
-1.06E-08
-1.03E-08
-1.00E-08
-9.69E-09
-9.38E-09
-9.06E-09
-8.75E-09
-8.44E-09
-8.13E-09
-7.81E-09
-7.50E-09
-7.19E-09
-6.88E-09
-6.56E-09
-6.25E-09
-5.94E-09
-5.63E-09
-5.31E-09
-5.00E-09
-4.69E-09
-4.38E-09
-4.06E-09
-3.75E-09
-3.44E-09
-3.13E-09
-2.81E-09
-2.50E-09
-2.19E-09
-1.88E-09
-1.56E-09
-1.25E-09
-9.38E-10
-6.25E-10
-3.13E-10
0.00E+00
3.13E-10
6.25E-10
9.38E-10
1.25E-09
1.56E-09
1.88E-09
2.19E-09
2.50E-09
2.81E-09
3.13E-09
3.44E-09
3.75E-09
4.06E-09
4.38E-09
4.69E-09
5.00E-09
5.31E-09
5.63E-09
5.94E-09
6.25E-09
6.56E-09
6.88E-09
7.19E-09
7.50E-09
7.81E-09
8.13E-09
8.44E-09
8.75E-09
9.06E-09
9.38E-09
9.69E-09
1.00E-08
1.03E-08
1.06E-08
1.09E-08
1.13E-08
1.16E-08
1.19E-08
1.22E-08
1.25E-08
1.28E-08
1.31E-08
1.34E-08
1.38E-08
1.41E-08
1.44E-08
1.47E-08
1.50E-08
1.53E-08
1.56E-08
1.59E-08
1.63E-08
1.66E-08
1.69E-08
1.72E-08
1.75E-08
1.78E-08
1.81E-08
1.84E-08
1.88E-08
1.91E-08
1.94E-08
1.97E-08
2.00E-08
2.03E-08
2.06E-08
2.09E-08
2.13E-08
2.16E-08
2.19E-08
2.22E-08
2.25E-08
2.28E-08
2.31E-08
2.34E-08
2.38E-08
2.41E-08
2.44E-08
2.47E-08
2.50E-08
2.53E-08
2.56E-08
2.59E-08
2.63E-08
2.66E-08
2.69E-08
2.72E-08
2.75E-08
2.78E-08
2.81E-08
2.84E-08
2.88E-08
2.91E-08
2.94E-08
2.97E-08
3.00E-08
3.03E-08
3.06E-08
3.09E-08
3.13E-08
3.16E-08
3.19E-08
3.22E-08
3.25E-08
3.28E-08
3.31E-08
3.34E-08
3.38E-08
3.41E-08
3.44E-08
3.47E-08
3.50E-08
3.53E-08
3.56E-08
3.59E-08
3.63E-08
3.66E-08
3.69E-08
3.72E-08
3.75E-08
3.78E-08
3.81E-08
3.84E-08
3.88E-08
3.91E-08
3.94E-08
3.97E-08
4.00E-08
4.03E-08
4.06E-08
4.09E-08
4.13E-08
4.16E-08
4.19E-08
4.22E-08
4.25E-08
4.28E-08
4.31E-08
4.34E-08
4.38E-08
4.41E-08
4.44E-08
4.47E-08
4.50E-08
4.53E-08
4.56E-08
4.59E-08
4.63E-08
4.66E-08
4.69E-08
4.72E-08
4.75E-08
4.78E-08
4.81E-08
4.84E-08
4.88E-08
4.91E-08
4.94E-08
4.97E-08
5.00E-08
5.03E-08
5.06E-08
5.09E-08
5.13E-08
5.16E-08
5.19E-08
5.22E-08
5.25E-08
5.28E-08
5.31E-08
5.34E-08
5.38E-08
5.41E-08
5.44E-08
5.47E-08
5.50E-08
5.53E-08
5.56E-08
5.59E-08
5.63E-08
5.66E-08
5.69E-08
5.72E-08
5.75E-08
5.78E-08
5.81E-08
5.84E-08
5.88E-08
5.91E-08
5.94E-08
5.97E-08
6.00E-08
6.03E-08
6.06E-08
6.09E-08
6.13E-08
6.16E-08
6.19E-08
6.22E-08
6.25E-08
6.28E-08
6.31E-08
6.34E-08
6.38E-08
6.41E-08
6.44E-08
6.47E-08
6.50E-08
6.53E-08
6.56E-08
6.59E-08
6.63E-08
6.66E-08
6.69E-08
6.72E-08
6.75E-08
6.78E-08
6.81E-08
6.84E-08
6.88E-08
6.91E-08
6.94E-08
6.97E-08
7.00E-08
7.03E-08
7.06E-08
7.09E-08
7.13E-08
7.16E-08
7.19E-08
7.22E-08
7.25E-08
7.28E-08
7.31E-08
7.34E-08
7.38E-08
7.41E-08
7.44E-08
7.47E-08
7.50E-08
7.53E-08
7.56E-08
7.59E-08
7.63E-08
7.66E-08
7.69E-08
7.72E-08
7.75E-08
7.78E-08
7.81E-08
7.84E-08
7.88E-08
7.91E-08
7.94E-08
7.97E-08
8.00E-08
8.03E-08
8.06E-08
8.09E-08
8.13E-08
8.16E-08
8.19E-08
8.22E-08
8.25E-08
8.28E-08
8.31E-08
8.34E-08
8.38E-08
8.41E-08
8.44E-08
8.47E-08
8.50E-08
8.53E-08
8.56E-08
8.59E-08
8.63E-08
8.66E-08
8.69E-08
8.72E-08
8.75E-08
8.78E-08
8.81E-08
8.84E-08
8.88E-08
8.91E-08
8.94E-08
8.97E-08
9.00E-08
9.03E-08
9.06E-08
9.09E-08
9.13E-08
9.16E-08
9.19E-08
9.22E-08
9.25E-08
9.28E-08
9.31E-08
9.34E-08
9.38E-08
9.41E-08
9.44E-08
9.47E-08
9.50E-08
9.53E-08
9.56E-08
9.59E-08
9.63E-08
9.66E-08
9.69E-08
9.72E-08
9.75E-08
9.78E-08
9.81E-08
9.84E-08
9.88E-08
9.91E-08
9.94E-08
9.97E-08
];
